Hippocampome v1.0

Number of lines:
3235

Start node ID	Start node #	End node ID	End Node #

1000	0	1041	1
1000	0	1002	3
1000	0	1043	4
1000	0	1027	5
1000	0	1010	6
1000	0	1035	7
1000	0	1036	8
1000	0	1009	9
1000	0	1013	10
1000	0	1026	11
1000	0	1005	13
1000	0	1006	16
1000	0	1004	17
1000	0	2000	18
1000	0	2004	19
1000	0	2028	22
1000	0	2043	24
1000	0	2044	25
1000	0	2045	26
1000	0	2042	28
1000	0	2046	29
1000	0	2005	30
1000	0	2017	31
1000	0	2013	32
1000	0	2014	33
1000	0	2019	34
1000	0	2035	36
1000	0	2049	38
1000	0	3000	43
1000	0	3006	44
1000	0	3007	45
1000	0	3003	46
1000	0	3008	47
1041	1	1041	1
1041	1	1002	3
1041	1	1043	4
1041	1	1027	5
1041	1	1010	6
1041	1	1035	7
1041	1	1036	8
1041	1	1009	9
1041	1	1013	10
1041	1	1026	11
1041	1	1005	13
1041	1	1006	16
1041	1	1004	17
1041	1	2000	18
1041	1	2004	19
1041	1	2028	22
1041	1	2043	24
1041	1	2044	25
1041	1	2045	26
1041	1	2042	28
1041	1	2046	29
1041	1	2005	30
1041	1	2017	31
1041	1	2013	32
1041	1	2014	33
1041	1	2019	34
1041	1	2036	35
1041	1	2035	36
1041	1	2049	38
1001	2	1000	0
1001	2	1041	1
1001	2	1001	2
1001	2	1002	3
1001	2	1043	4
1001	2	1027	5
1001	2	1010	6
1001	2	1035	7
1001	2	1036	8
1001	2	1009	9
1001	2	1013	10
1001	2	1026	11
1001	2	1040	12
1001	2	1005	13
1001	2	1006	16
1001	2	1004	17
1001	2	2000	18
1001	2	2004	19
1001	2	2028	22
1001	2	2043	24
1001	2	2044	25
1001	2	2045	26
1001	2	2042	28
1001	2	2046	29
1001	2	2005	30
1001	2	2017	31
1001	2	2013	32
1001	2	2014	33
1001	2	2019	34
1001	2	2036	35
1001	2	2035	36
1001	2	2049	38
1002	3	1000	0
1002	3	1041	1
1002	3	1001	2
1002	3	1002	3
1002	3	1043	4
1002	3	1027	5
1002	3	1010	6
1002	3	1035	7
1002	3	1036	8
1002	3	1009	9
1002	3	1013	10
1002	3	1026	11
1002	3	1040	12
1002	3	1005	13
1002	3	1006	16
1002	3	1004	17
1002	3	2042	28
1043	4	1000	0
1043	4	1041	1
1043	4	1001	2
1043	4	1002	3
1043	4	1043	4
1043	4	1027	5
1043	4	1010	6
1043	4	1035	7
1043	4	1036	8
1043	4	1009	9
1043	4	1013	10
1043	4	1026	11
1043	4	1040	12
1043	4	1005	13
1043	4	1006	16
1043	4	1004	17
1043	4	2042	28
1027	5	1000	0
1027	5	1041	1
1027	5	1001	2
1027	5	1002	3
1027	5	1043	4
1027	5	1027	5
1027	5	1010	6
1027	5	1035	7
1027	5	1036	8
1027	5	1009	9
1027	5	1013	10
1027	5	1026	11
1027	5	1040	12
1027	5	1005	13
1027	5	1006	16
1027	5	1004	17
1027	5	2042	28
1010	6	1000	0
1010	6	1041	1
1010	6	1002	3
1010	6	1043	4
1035	7	1000	0
1035	7	1010	6
1035	7	1035	7
1035	7	1036	8
1035	7	1009	9
1035	7	1013	10
1035	7	1040	12
1035	7	1005	13
1035	7	1006	16
1035	7	1004	17
1036	8	1000	0
1036	8	1010	6
1036	8	1035	7
1036	8	1036	8
1036	8	1009	9
1036	8	1013	10
1036	8	1040	12
1036	8	1005	13
1036	8	1006	16
1036	8	1004	17
1009	9	1000	0
1009	9	1041	1
1009	9	1001	2
1009	9	1043	4
1009	9	1027	5
1009	9	1010	6
1009	9	1035	7
1009	9	1036	8
1009	9	1009	9
1009	9	1026	11
1009	9	1040	12
1009	9	1005	13
1009	9	1006	16
1009	9	1004	17
1013	10	1000	0
1013	10	1041	1
1013	10	1001	2
1013	10	1043	4
1013	10	1027	5
1013	10	1010	6
1013	10	1035	7
1013	10	1036	8
1013	10	1009	9
1013	10	1005	13
1013	10	1008	14
1013	10	1007	15
1013	10	1006	16
1013	10	1004	17
1013	10	4011	69
1026	11	1000	0
1026	11	1041	1
1026	11	1001	2
1026	11	1002	3
1026	11	1043	4
1026	11	1027	5
1026	11	1010	6
1026	11	1035	7
1026	11	1036	8
1026	11	1009	9
1026	11	1013	10
1026	11	1026	11
1026	11	1040	12
1026	11	1005	13
1026	11	1008	14
1026	11	1007	15
1026	11	1006	16
1026	11	1004	17
1026	11	2000	18
1026	11	2004	19
1026	11	2003	20
1026	11	2001	21
1026	11	2028	22
1026	11	2047	23
1026	11	2043	24
1026	11	2044	25
1026	11	2045	26
1026	11	2021	27
1026	11	2042	28
1026	11	2046	29
1026	11	2005	30
1026	11	2017	31
1026	11	2013	32
1026	11	2014	33
1026	11	2019	34
1026	11	2036	35
1026	11	2035	36
1026	11	2009	37
1026	11	2049	38
1026	11	2023	39
1026	11	2008	40
1026	11	2022	41
1026	11	2020	42
1026	11	3007	45
1026	11	4011	69
1040	12	1000	0
1040	12	1041	1
1040	12	1001	2
1040	12	1002	3
1040	12	1043	4
1040	12	1027	5
1040	12	1010	6
1040	12	1035	7
1040	12	1036	8
1040	12	1009	9
1040	12	1013	10
1040	12	1026	11
1040	12	1040	12
1040	12	1005	13
1040	12	1006	16
1040	12	1004	17
1040	12	2042	28
1005	13	1000	0
1005	13	1041	1
1005	13	1001	2
1005	13	1043	4
1005	13	1027	5
1005	13	1010	6
1005	13	1035	7
1005	13	1036	8
1005	13	1009	9
1005	13	1026	11
1005	13	1040	12
1005	13	1005	13
1005	13	1008	14
1005	13	1007	15
1005	13	1006	16
1005	13	1004	17
1005	13	4011	69
1008	14	1000	0
1008	14	1041	1
1008	14	1001	2
1008	14	1043	4
1008	14	1027	5
1008	14	1010	6
1008	14	1035	7
1008	14	1036	8
1008	14	1009	9
1008	14	1005	13
1008	14	1008	14
1008	14	1007	15
1008	14	1006	16
1008	14	1004	17
1008	14	4011	69
1007	15	1000	0
1007	15	1041	1
1007	15	1001	2
1007	15	1043	4
1007	15	1027	5
1007	15	1010	6
1007	15	1035	7
1007	15	1036	8
1007	15	1009	9
1007	15	1005	13
1007	15	1008	14
1007	15	1007	15
1007	15	1006	16
1007	15	1004	17
1007	15	4011	69
1007	15	5001	88
1007	15	5005	89
1007	15	5002	90
1006	16	1000	0
1006	16	1041	1
1006	16	1001	2
1006	16	1043	4
1006	16	1027	5
1006	16	1010	6
1006	16	1035	7
1006	16	1036	8
1006	16	1009	9
1006	16	1005	13
1006	16	1008	14
1006	16	1007	15
1006	16	1006	16
1006	16	1004	17
1006	16	4011	69
1004	17	1000	0
1004	17	1041	1
1004	17	1001	2
1004	17	1002	3
1004	17	1043	4
1004	17	1027	5
1004	17	1010	6
1004	17	1035	7
1004	17	1036	8
1004	17	1009	9
1004	17	1013	10
1004	17	1026	11
1004	17	1040	12
1004	17	1005	13
1004	17	1008	14
1004	17	1007	15
1004	17	1006	16
1004	17	1004	17
1004	17	2042	28
1004	17	4011	69
2000	18	2000	18
2000	18	2004	19
2000	18	2003	20
2000	18	2001	21
2000	18	2028	22
2000	18	2047	23
2000	18	2043	24
2000	18	2044	25
2000	18	2045	26
2000	18	2021	27
2000	18	2042	28
2000	18	2046	29
2000	18	2005	30
2000	18	2017	31
2000	18	2013	32
2000	18	2014	33
2000	18	2036	35
2000	18	2035	36
2000	18	2009	37
2000	18	2049	38
2000	18	2023	39
2000	18	2008	40
2000	18	2022	41
2000	18	2020	42
2000	18	3000	43
2000	18	3006	44
2000	18	3007	45
2000	18	3003	46
2000	18	3008	47
2000	18	4000	48
2000	18	4054	50
2000	18	4036	51
2000	18	4038	52
2000	18	4023	53
2000	18	4078	54
2000	18	4079	55
2000	18	4039	56
2000	18	4080	57
2000	18	4022	58
2000	18	4056	60
2000	18	4031	61
2000	18	4020	62
2000	18	4091	63
2000	18	4093	64
2000	18	4081	65
2000	18	4005	66
2000	18	4004	67
2000	18	4069	70
2000	18	4089	71
2000	18	4087	72
2000	18	4055	73
2000	18	4083	74
2000	18	4068	75
2000	18	4066	76
2000	18	4006	77
2000	18	4076	78
2000	18	4003	79
2000	18	4028	80
2000	18	4061	81
2000	18	4015	82
2000	18	4084	83
2000	18	4033	84
2000	18	4041	85
2000	18	4035	86
2000	18	4013	87
2004	19	1000	0
2004	19	1041	1
2004	19	1001	2
2004	19	1002	3
2004	19	1043	4
2004	19	1027	5
2004	19	1010	6
2004	19	1035	7
2004	19	1036	8
2004	19	1009	9
2004	19	1013	10
2004	19	1026	11
2004	19	1040	12
2004	19	1005	13
2004	19	1006	16
2004	19	1004	17
2004	19	2000	18
2004	19	2004	19
2004	19	2003	20
2004	19	2001	21
2004	19	2028	22
2004	19	2047	23
2004	19	2043	24
2004	19	2044	25
2004	19	2045	26
2004	19	2021	27
2004	19	2042	28
2004	19	2046	29
2004	19	2005	30
2004	19	2017	31
2004	19	2013	32
2004	19	2014	33
2004	19	2036	35
2004	19	2035	36
2004	19	2009	37
2004	19	2049	38
2004	19	2023	39
2004	19	2008	40
2004	19	2022	41
2004	19	2020	42
2004	19	3000	43
2004	19	3006	44
2004	19	3007	45
2004	19	3003	46
2004	19	3008	47
2004	19	4000	48
2004	19	4054	50
2004	19	4036	51
2004	19	4038	52
2004	19	4023	53
2004	19	4078	54
2004	19	4079	55
2004	19	4039	56
2004	19	4080	57
2004	19	4022	58
2004	19	4056	60
2004	19	4031	61
2004	19	4020	62
2004	19	4091	63
2004	19	4093	64
2004	19	4081	65
2004	19	4005	66
2004	19	4004	67
2004	19	4069	70
2004	19	4089	71
2004	19	4087	72
2004	19	4055	73
2004	19	4083	74
2004	19	4068	75
2004	19	4066	76
2004	19	4006	77
2004	19	4076	78
2004	19	4003	79
2004	19	4028	80
2004	19	4061	81
2004	19	4015	82
2004	19	4084	83
2004	19	4033	84
2004	19	4041	85
2004	19	4035	86
2004	19	4013	87
2004	19	5001	88
2004	19	5005	89
2004	19	5002	90
2003	20	2000	18
2003	20	2004	19
2003	20	2028	22
2003	20	2043	24
2003	20	2044	25
2003	20	2045	26
2003	20	2042	28
2003	20	2046	29
2003	20	2019	34
2003	20	2036	35
2003	20	2035	36
2003	20	2049	38
2003	20	3007	45
2001	21	2000	18
2001	21	2004	19
2001	21	2028	22
2001	21	2043	24
2001	21	2044	25
2001	21	2045	26
2001	21	2042	28
2001	21	2046	29
2001	21	2005	30
2001	21	2017	31
2001	21	2013	32
2001	21	2014	33
2001	21	2019	34
2001	21	2036	35
2001	21	2035	36
2001	21	2049	38
2028	22	2000	18
2028	22	2004	19
2047	23	2000	18
2047	23	2004	19
2043	24	2000	18
2043	24	2004	19
2043	24	2028	22
2043	24	2043	24
2043	24	2044	25
2043	24	2045	26
2043	24	2042	28
2043	24	2035	36
2043	24	2049	38
2044	25	2000	18
2044	25	2004	19
2044	25	2028	22
2044	25	2043	24
2044	25	2044	25
2044	25	2045	26
2044	25	2042	28
2044	25	2035	36
2044	25	2049	38
2045	26	2000	18
2045	26	2004	19
2045	26	2003	20
2045	26	2001	21
2045	26	2028	22
2045	26	2047	23
2045	26	2043	24
2045	26	2044	25
2045	26	2045	26
2045	26	2021	27
2045	26	2042	28
2045	26	2046	29
2045	26	2005	30
2045	26	2017	31
2045	26	2013	32
2045	26	2014	33
2045	26	2019	34
2045	26	2036	35
2045	26	2035	36
2045	26	2009	37
2045	26	2049	38
2045	26	2023	39
2045	26	2008	40
2045	26	2022	41
2045	26	2020	42
2045	26	3007	45
2021	27	2000	18
2021	27	2004	19
2021	27	2003	20
2021	27	2001	21
2021	27	2028	22
2021	27	2047	23
2021	27	2043	24
2021	27	2044	25
2021	27	2045	26
2021	27	2021	27
2021	27	2042	28
2021	27	2046	29
2021	27	2005	30
2021	27	2017	31
2021	27	2013	32
2021	27	2014	33
2021	27	2019	34
2021	27	2036	35
2021	27	2035	36
2021	27	2009	37
2021	27	2049	38
2021	27	2023	39
2021	27	2008	40
2021	27	2022	41
2021	27	2020	42
2021	27	3007	45
2042	28	1041	1
2042	28	1002	3
2042	28	1043	4
2042	28	1027	5
2042	28	1010	6
2042	28	1035	7
2042	28	1036	8
2042	28	1009	9
2042	28	1013	10
2042	28	1026	11
2042	28	1005	13
2042	28	1006	16
2042	28	1004	17
2042	28	2000	18
2042	28	2004	19
2042	28	2003	20
2042	28	2001	21
2042	28	2028	22
2042	28	2047	23
2042	28	2043	24
2042	28	2044	25
2042	28	2045	26
2042	28	2021	27
2042	28	2042	28
2042	28	2046	29
2042	28	2005	30
2042	28	2017	31
2042	28	2013	32
2042	28	2014	33
2042	28	2019	34
2042	28	2036	35
2042	28	2035	36
2042	28	2009	37
2042	28	2049	38
2042	28	2023	39
2042	28	2008	40
2042	28	2022	41
2042	28	2020	42
2042	28	3007	45
2046	29	2000	18
2046	29	2004	19
2046	29	2003	20
2046	29	2001	21
2046	29	2028	22
2046	29	2047	23
2046	29	2043	24
2046	29	2044	25
2046	29	2045	26
2046	29	2021	27
2046	29	2042	28
2046	29	2046	29
2046	29	2005	30
2046	29	2017	31
2046	29	2013	32
2046	29	2014	33
2046	29	2019	34
2046	29	2036	35
2046	29	2035	36
2046	29	2009	37
2046	29	2049	38
2046	29	2023	39
2046	29	2008	40
2046	29	2022	41
2046	29	2020	42
2046	29	3007	45
2005	30	2000	18
2005	30	2004	19
2005	30	2003	20
2005	30	2001	21
2005	30	2028	22
2005	30	2043	24
2005	30	2044	25
2005	30	2045	26
2005	30	2042	28
2005	30	2046	29
2005	30	2005	30
2005	30	2017	31
2005	30	2013	32
2005	30	2014	33
2005	30	2036	35
2005	30	2035	36
2005	30	2049	38
2005	30	2023	39
2005	30	2008	40
2017	31	2000	18
2017	31	2004	19
2017	31	2028	22
2017	31	2043	24
2017	31	2044	25
2017	31	2045	26
2017	31	2042	28
2017	31	2046	29
2017	31	2005	30
2017	31	2017	31
2017	31	2013	32
2017	31	2014	33
2017	31	2019	34
2017	31	2036	35
2017	31	2035	36
2017	31	2049	38
2017	31	3007	45
2013	32	2000	18
2013	32	2004	19
2013	32	2003	20
2013	32	2001	21
2013	32	2028	22
2013	32	2047	23
2013	32	2043	24
2013	32	2044	25
2013	32	2045	26
2013	32	2021	27
2013	32	2042	28
2013	32	2046	29
2013	32	2005	30
2013	32	2017	31
2013	32	2013	32
2013	32	2014	33
2013	32	2019	34
2013	32	2036	35
2013	32	2035	36
2013	32	2009	37
2013	32	2049	38
2013	32	2023	39
2013	32	2008	40
2013	32	2022	41
2013	32	2020	42
2013	32	3007	45
2014	33	2000	18
2014	33	2004	19
2014	33	2003	20
2014	33	2001	21
2014	33	2028	22
2014	33	2043	24
2014	33	2044	25
2014	33	2045	26
2014	33	2042	28
2014	33	2046	29
2014	33	2005	30
2014	33	2017	31
2014	33	2013	32
2014	33	2014	33
2014	33	2019	34
2014	33	2036	35
2014	33	2035	36
2014	33	2049	38
2014	33	2023	39
2014	33	2008	40
2019	34	1000	0
2019	34	1041	1
2019	34	1001	2
2019	34	1043	4
2019	34	1027	5
2019	34	1010	6
2019	34	1035	7
2019	34	1036	8
2019	34	1009	9
2019	34	1026	11
2019	34	1040	12
2019	34	1005	13
2019	34	1008	14
2019	34	1007	15
2019	34	1006	16
2019	34	1004	17
2019	34	2000	18
2019	34	2004	19
2019	34	2003	20
2019	34	2001	21
2019	34	2028	22
2019	34	2043	24
2019	34	2044	25
2019	34	2045	26
2019	34	2042	28
2019	34	2046	29
2019	34	2005	30
2019	34	2017	31
2019	34	2013	32
2019	34	2014	33
2019	34	2019	34
2019	34	2036	35
2019	34	2035	36
2019	34	2049	38
2019	34	2023	39
2019	34	2008	40
2019	34	4011	69
2036	35	1041	1
2036	35	1002	3
2036	35	1043	4
2036	35	1027	5
2036	35	1010	6
2036	35	1035	7
2036	35	1036	8
2036	35	1009	9
2036	35	1013	10
2036	35	1026	11
2036	35	1005	13
2036	35	1006	16
2036	35	1004	17
2036	35	2000	18
2036	35	2004	19
2036	35	2003	20
2036	35	2001	21
2036	35	2028	22
2036	35	2043	24
2036	35	2044	25
2036	35	2045	26
2036	35	2042	28
2036	35	2046	29
2036	35	2005	30
2036	35	2017	31
2036	35	2013	32
2036	35	2014	33
2036	35	2019	34
2036	35	2036	35
2036	35	2035	36
2036	35	2049	38
2036	35	2023	39
2036	35	2008	40
2036	35	3007	45
2035	36	1041	1
2035	36	1002	3
2035	36	1043	4
2035	36	1027	5
2035	36	1010	6
2035	36	1035	7
2035	36	1036	8
2035	36	1009	9
2035	36	1013	10
2035	36	1026	11
2035	36	1005	13
2035	36	1006	16
2035	36	1004	17
2035	36	2000	18
2035	36	2004	19
2035	36	2028	22
2035	36	2043	24
2035	36	2044	25
2035	36	2045	26
2035	36	2042	28
2035	36	2046	29
2035	36	2005	30
2035	36	2017	31
2035	36	2013	32
2035	36	2014	33
2035	36	2019	34
2035	36	2036	35
2035	36	2035	36
2035	36	2049	38
2035	36	3007	45
2009	37	2000	18
2009	37	2004	19
2009	37	2003	20
2009	37	2001	21
2009	37	2028	22
2009	37	2047	23
2009	37	2043	24
2009	37	2044	25
2009	37	2045	26
2009	37	2021	27
2009	37	2042	28
2009	37	2046	29
2009	37	2005	30
2009	37	2017	31
2009	37	2013	32
2009	37	2014	33
2009	37	2036	35
2009	37	2035	36
2009	37	2009	37
2009	37	2049	38
2009	37	2023	39
2009	37	2008	40
2009	37	2022	41
2009	37	2020	42
2049	38	2000	18
2049	38	2003	20
2049	38	2001	21
2049	38	2028	22
2049	38	2043	24
2049	38	2044	25
2049	38	2005	30
2023	39	2000	18
2023	39	2004	19
2023	39	2003	20
2023	39	2001	21
2023	39	2028	22
2023	39	2043	24
2023	39	2044	25
2023	39	2045	26
2023	39	2042	28
2023	39	2046	29
2023	39	2005	30
2023	39	2017	31
2023	39	2013	32
2023	39	2014	33
2023	39	2036	35
2023	39	2035	36
2023	39	2049	38
2023	39	2023	39
2023	39	2008	40
2008	40	2000	18
2008	40	2003	20
2008	40	2001	21
2008	40	2028	22
2008	40	2043	24
2008	40	2044	25
2008	40	2005	30
2022	41	2000	18
2022	41	2004	19
2022	41	2028	22
2022	41	2047	23
2022	41	2043	24
2022	41	2044	25
2022	41	2045	26
2022	41	2021	27
2022	41	2042	28
2022	41	2046	29
2022	41	2035	36
2022	41	2009	37
2022	41	2049	38
2022	41	2022	41
2022	41	2020	42
2020	42	2000	18
2020	42	2004	19
2020	42	2003	20
2020	42	2001	21
2020	42	2028	22
2020	42	2047	23
2020	42	2043	24
2020	42	2044	25
2020	42	2045	26
2020	42	2021	27
2020	42	2042	28
2020	42	2046	29
2020	42	2005	30
2020	42	2017	31
2020	42	2013	32
2020	42	2014	33
2020	42	2019	34
2020	42	2036	35
2020	42	2035	36
2020	42	2009	37
2020	42	2049	38
2020	42	2023	39
2020	42	2008	40
2020	42	2022	41
2020	42	2020	42
2020	42	3007	45
2020	42	4000	48
2020	42	4054	50
2020	42	4036	51
2020	42	4038	52
2020	42	4023	53
2020	42	4078	54
2020	42	4079	55
2020	42	4039	56
2020	42	4080	57
2020	42	4022	58
2020	42	4056	60
2020	42	4031	61
2020	42	4020	62
2020	42	4091	63
2020	42	4093	64
2020	42	4081	65
2020	42	4005	66
2020	42	4004	67
2020	42	4069	70
2020	42	4089	71
2020	42	4087	72
2020	42	4055	73
2020	42	4083	74
2020	42	4068	75
2020	42	4066	76
2020	42	4006	77
2020	42	4076	78
2020	42	4003	79
2020	42	4028	80
2020	42	4061	81
2020	42	4015	82
2020	42	4084	83
2020	42	4033	84
2020	42	4041	85
2020	42	4035	86
2020	42	4013	87
3000	43	1041	1
3000	43	1002	3
3000	43	1043	4
3000	43	1027	5
3000	43	1010	6
3000	43	1035	7
3000	43	1036	8
3000	43	1009	9
3000	43	1013	10
3000	43	1026	11
3000	43	1005	13
3000	43	1006	16
3000	43	1004	17
3000	43	2000	18
3000	43	2004	19
3000	43	2003	20
3000	43	2001	21
3000	43	2028	22
3000	43	2047	23
3000	43	2043	24
3000	43	2044	25
3000	43	2045	26
3000	43	2021	27
3000	43	2042	28
3000	43	2046	29
3000	43	2005	30
3000	43	2017	31
3000	43	2013	32
3000	43	2014	33
3000	43	2019	34
3000	43	2036	35
3000	43	2035	36
3000	43	2009	37
3000	43	2049	38
3000	43	2023	39
3000	43	2008	40
3000	43	2022	41
3000	43	2020	42
3000	43	3000	43
3000	43	3006	44
3000	43	3007	45
3000	43	3003	46
3000	43	3008	47
3000	43	4000	48
3000	43	4054	50
3000	43	4036	51
3000	43	4038	52
3000	43	4023	53
3000	43	4078	54
3000	43	4079	55
3000	43	4039	56
3000	43	4080	57
3000	43	4022	58
3000	43	4056	60
3000	43	4031	61
3000	43	4020	62
3000	43	4091	63
3000	43	4093	64
3000	43	4081	65
3000	43	4005	66
3000	43	4004	67
3000	43	4069	70
3000	43	4089	71
3000	43	4087	72
3000	43	4055	73
3000	43	4083	74
3000	43	4068	75
3000	43	4066	76
3000	43	4006	77
3000	43	4076	78
3000	43	4003	79
3000	43	4028	80
3000	43	4061	81
3000	43	4015	82
3000	43	4084	83
3000	43	4033	84
3000	43	4041	85
3000	43	4035	86
3000	43	4013	87
3006	44	3000	43
3006	44	3006	44
3006	44	3007	45
3006	44	3003	46
3006	44	3008	47
3007	45	2000	18
3007	45	2004	19
3007	45	2028	22
3007	45	2043	24
3007	45	2044	25
3007	45	2045	26
3007	45	2042	28
3007	45	2035	36
3007	45	2049	38
3007	45	3000	43
3007	45	3006	44
3007	45	3007	45
3007	45	3003	46
3007	45	3008	47
3007	45	4000	48
3007	45	4054	50
3007	45	4036	51
3007	45	4078	54
3007	45	4079	55
3007	45	4039	56
3007	45	4080	57
3007	45	4022	58
3007	45	4056	60
3007	45	4020	62
3007	45	4091	63
3007	45	4093	64
3007	45	4081	65
3007	45	4066	76
3007	45	4013	87
3003	46	3000	43
3003	46	3006	44
3003	46	3007	45
3003	46	3003	46
3003	46	3008	47
3003	46	4000	48
3003	46	4054	50
3003	46	4036	51
3003	46	4038	52
3003	46	4023	53
3003	46	4078	54
3003	46	4079	55
3003	46	4039	56
3003	46	4080	57
3003	46	4022	58
3003	46	4056	60
3003	46	4031	61
3003	46	4020	62
3003	46	4091	63
3003	46	4093	64
3003	46	4081	65
3003	46	4005	66
3003	46	4004	67
3003	46	4069	70
3003	46	4089	71
3003	46	4087	72
3003	46	4055	73
3003	46	4083	74
3003	46	4068	75
3003	46	4066	76
3003	46	4006	77
3003	46	4076	78
3003	46	4003	79
3003	46	4028	80
3003	46	4061	81
3003	46	4015	82
3003	46	4084	83
3003	46	4033	84
3003	46	4041	85
3003	46	4035	86
3003	46	4013	87
3008	47	3000	43
3008	47	3006	44
3008	47	3007	45
3008	47	3003	46
3008	47	3008	47
4000	48	4000	48
4000	48	4036	51
4000	48	4038	52
4000	48	4023	53
4000	48	4078	54
4000	48	4079	55
4000	48	4039	56
4000	48	4080	57
4000	48	4022	58
4000	48	4031	61
4000	48	4020	62
4000	48	4093	64
4000	48	4081	65
4000	48	4069	70
4000	48	4089	71
4000	48	4087	72
4000	48	4055	73
4000	48	4083	74
4000	48	4068	75
4000	48	4066	76
4000	48	4076	78
4000	48	4003	79
4000	48	4084	83
4000	48	4033	84
4000	48	4041	85
4000	48	4035	86
4000	48	4013	87
4000	48	5001	88
4000	48	5005	89
4000	48	5002	90
4000	48	6025	97
4000	48	6095	105
4000	48	6085	106
4000	48	6086	107
4000	48	6033	108
4000	48	6021	109
4000	48	6002	110
4000	48	6023	111
4000	48	6052	112
4000	48	6078	113
4000	48	6047	118
4094	49	4000	48
4094	49	4094	49
4094	49	4054	50
4094	49	4036	51
4094	49	4078	54
4094	49	4079	55
4094	49	4022	58
4094	49	4021	59
4094	49	4056	60
4094	49	4020	62
4094	49	4005	66
4094	49	4004	67
4094	49	4012	68
4094	49	4011	69
4094	49	4055	73
4094	49	4006	77
4094	49	4076	78
4094	49	4003	79
4094	49	4015	82
4094	49	4013	87
4054	50	4000	48
4054	50	4036	51
4054	50	4038	52
4054	50	4023	53
4054	50	4078	54
4054	50	4079	55
4054	50	4039	56
4054	50	4080	57
4054	50	4022	58
4054	50	4031	61
4054	50	4020	62
4054	50	4093	64
4054	50	4081	65
4054	50	4069	70
4054	50	4089	71
4054	50	4087	72
4054	50	4055	73
4054	50	4083	74
4054	50	4068	75
4054	50	4066	76
4054	50	4076	78
4054	50	4003	79
4054	50	4084	83
4054	50	4033	84
4054	50	4041	85
4054	50	4035	86
4054	50	4013	87
4036	51	4000	48
4036	51	4054	50
4038	52	4000	48
4038	52	4054	50
4023	53	1041	1
4023	53	1002	3
4023	53	1043	4
4023	53	1027	5
4023	53	1010	6
4023	53	1035	7
4023	53	1036	8
4023	53	1009	9
4023	53	1013	10
4023	53	1026	11
4023	53	1005	13
4023	53	1006	16
4023	53	1004	17
4023	53	2000	18
4023	53	2004	19
4023	53	2003	20
4023	53	2001	21
4023	53	2028	22
4023	53	2047	23
4023	53	2043	24
4023	53	2044	25
4023	53	2045	26
4023	53	2021	27
4023	53	2042	28
4023	53	2046	29
4023	53	2005	30
4023	53	2017	31
4023	53	2013	32
4023	53	2014	33
4023	53	2019	34
4023	53	2036	35
4023	53	2035	36
4023	53	2009	37
4023	53	2049	38
4023	53	2023	39
4023	53	2008	40
4023	53	2022	41
4023	53	2020	42
4023	53	3007	45
4023	53	4000	48
4023	53	4094	49
4023	53	4054	50
4023	53	4036	51
4023	53	4038	52
4023	53	4023	53
4023	53	4078	54
4023	53	4079	55
4023	53	4039	56
4023	53	4080	57
4023	53	4022	58
4023	53	4021	59
4023	53	4056	60
4023	53	4031	61
4023	53	4020	62
4023	53	4091	63
4023	53	4093	64
4023	53	4081	65
4023	53	4005	66
4023	53	4004	67
4023	53	4012	68
4023	53	4011	69
4023	53	4069	70
4023	53	4089	71
4023	53	4087	72
4023	53	4055	73
4023	53	4083	74
4023	53	4068	75
4023	53	4066	76
4023	53	4006	77
4023	53	4076	78
4023	53	4003	79
4023	53	4028	80
4023	53	4061	81
4023	53	4015	82
4023	53	4084	83
4023	53	4033	84
4023	53	4041	85
4023	53	4035	86
4023	53	4013	87
4078	54	4000	48
4078	54	4054	50
4078	54	4036	51
4078	54	4078	54
4078	54	4079	55
4078	54	4039	56
4078	54	4080	57
4078	54	4022	58
4078	54	4056	60
4078	54	4020	62
4078	54	4091	63
4078	54	4093	64
4078	54	4081	65
4078	54	4066	76
4078	54	4013	87
4079	55	4000	48
4079	55	4054	50
4079	55	4036	51
4079	55	4078	54
4079	55	4079	55
4079	55	4039	56
4079	55	4080	57
4079	55	4022	58
4079	55	4056	60
4079	55	4020	62
4079	55	4091	63
4079	55	4093	64
4079	55	4081	65
4079	55	4066	76
4079	55	4013	87
4039	56	4000	48
4039	56	4054	50
4039	56	4036	51
4039	56	4078	54
4039	56	4079	55
4039	56	4039	56
4039	56	4080	57
4039	56	4022	58
4039	56	4056	60
4039	56	4020	62
4039	56	4091	63
4039	56	4093	64
4039	56	4081	65
4039	56	4066	76
4039	56	4013	87
4080	57	3007	45
4080	57	4000	48
4080	57	4054	50
4080	57	4036	51
4080	57	4038	52
4080	57	4023	53
4080	57	4078	54
4080	57	4079	55
4080	57	4039	56
4080	57	4080	57
4080	57	4022	58
4080	57	4056	60
4080	57	4031	61
4080	57	4020	62
4080	57	4091	63
4080	57	4093	64
4080	57	4081	65
4080	57	4005	66
4080	57	4004	67
4080	57	4069	70
4080	57	4089	71
4080	57	4087	72
4080	57	4055	73
4080	57	4083	74
4080	57	4068	75
4080	57	4066	76
4080	57	4006	77
4080	57	4076	78
4080	57	4003	79
4080	57	4028	80
4080	57	4061	81
4080	57	4015	82
4080	57	4084	83
4080	57	4033	84
4080	57	4041	85
4080	57	4035	86
4080	57	4013	87
4022	58	4036	51
4022	58	4038	52
4022	58	4023	53
4022	58	4078	54
4022	58	4079	55
4022	58	4039	56
4022	58	4080	57
4022	58	4022	58
4022	58	4031	61
4022	58	4020	62
4022	58	4093	64
4022	58	4081	65
4022	58	4069	70
4022	58	4089	71
4022	58	4087	72
4022	58	4055	73
4022	58	4083	74
4022	58	4068	75
4022	58	4066	76
4022	58	4076	78
4022	58	4003	79
4022	58	4015	82
4022	58	4084	83
4022	58	4033	84
4022	58	4041	85
4022	58	4035	86
4022	58	4013	87
4021	59	4054	50
4021	59	4036	51
4021	59	4078	54
4021	59	4079	55
4021	59	4080	57
4021	59	4056	60
4021	59	4020	62
4021	59	4091	63
4021	59	4093	64
4021	59	4081	65
4021	59	4005	66
4021	59	4004	67
4021	59	4055	73
4021	59	4066	76
4021	59	4006	77
4021	59	4076	78
4021	59	4003	79
4021	59	4028	80
4021	59	4061	81
4021	59	4015	82
4021	59	4084	83
4021	59	4041	85
4021	59	4013	87
4056	60	4000	48
4056	60	4054	50
4056	60	4036	51
4056	60	4078	54
4056	60	4079	55
4056	60	4080	57
4056	60	4056	60
4056	60	4020	62
4056	60	4091	63
4056	60	4093	64
4056	60	4081	65
4056	60	4005	66
4056	60	4004	67
4056	60	4055	73
4056	60	4066	76
4056	60	4006	77
4056	60	4076	78
4056	60	4003	79
4056	60	4028	80
4056	60	4061	81
4056	60	4015	82
4056	60	4084	83
4056	60	4041	85
4056	60	4013	87
4031	61	4000	48
4031	61	4054	50
4031	61	4036	51
4031	61	4078	54
4031	61	4079	55
4031	61	4080	57
4031	61	4056	60
4031	61	4020	62
4031	61	4091	63
4031	61	4093	64
4031	61	4081	65
4031	61	4005	66
4031	61	4004	67
4031	61	4055	73
4031	61	4066	76
4031	61	4006	77
4031	61	4076	78
4031	61	4003	79
4031	61	4028	80
4031	61	4061	81
4031	61	4015	82
4031	61	4084	83
4031	61	4041	85
4031	61	4013	87
4020	62	4000	48
4020	62	4036	51
4020	62	4038	52
4020	62	4023	53
4020	62	4078	54
4020	62	4079	55
4020	62	4039	56
4020	62	4080	57
4020	62	4022	58
4020	62	4031	61
4020	62	4020	62
4020	62	4093	64
4020	62	4081	65
4020	62	4069	70
4020	62	4089	71
4020	62	4087	72
4020	62	4055	73
4020	62	4083	74
4020	62	4068	75
4020	62	4066	76
4020	62	4076	78
4020	62	4003	79
4020	62	4084	83
4020	62	4033	84
4020	62	4041	85
4020	62	4035	86
4020	62	4013	87
4091	63	4036	51
4091	63	4038	52
4091	63	4023	53
4091	63	4078	54
4091	63	4079	55
4091	63	4039	56
4091	63	4080	57
4091	63	4022	58
4091	63	4031	61
4091	63	4020	62
4091	63	4093	64
4091	63	4081	65
4091	63	4069	70
4091	63	4089	71
4091	63	4087	72
4091	63	4055	73
4091	63	4083	74
4091	63	4068	75
4091	63	4066	76
4091	63	4076	78
4091	63	4003	79
4091	63	4084	83
4091	63	4033	84
4091	63	4041	85
4091	63	4035	86
4091	63	4013	87
4093	64	4000	48
4093	64	4036	51
4093	64	4038	52
4093	64	4023	53
4093	64	4078	54
4093	64	4079	55
4093	64	4039	56
4093	64	4080	57
4093	64	4022	58
4093	64	4031	61
4093	64	4020	62
4093	64	4093	64
4093	64	4081	65
4093	64	4069	70
4093	64	4089	71
4093	64	4087	72
4093	64	4055	73
4093	64	4083	74
4093	64	4068	75
4093	64	4066	76
4093	64	4076	78
4093	64	4003	79
4093	64	4084	83
4093	64	4033	84
4093	64	4041	85
4093	64	4035	86
4093	64	4013	87
4081	65	3007	45
4081	65	4000	48
4081	65	4054	50
4081	65	4036	51
4081	65	4038	52
4081	65	4023	53
4081	65	4078	54
4081	65	4079	55
4081	65	4039	56
4081	65	4080	57
4081	65	4022	58
4081	65	4056	60
4081	65	4031	61
4081	65	4020	62
4081	65	4091	63
4081	65	4093	64
4081	65	4081	65
4081	65	4005	66
4081	65	4004	67
4081	65	4069	70
4081	65	4089	71
4081	65	4087	72
4081	65	4055	73
4081	65	4083	74
4081	65	4068	75
4081	65	4066	76
4081	65	4006	77
4081	65	4076	78
4081	65	4003	79
4081	65	4028	80
4081	65	4061	81
4081	65	4015	82
4081	65	4084	83
4081	65	4033	84
4081	65	4041	85
4081	65	4035	86
4081	65	4013	87
4005	66	4000	48
4005	66	4094	49
4005	66	4054	50
4005	66	4036	51
4005	66	4078	54
4005	66	4079	55
4005	66	4080	57
4005	66	4022	58
4005	66	4021	59
4005	66	4056	60
4005	66	4020	62
4005	66	4091	63
4005	66	4093	64
4005	66	4081	65
4005	66	4005	66
4005	66	4004	67
4005	66	4012	68
4005	66	4011	69
4005	66	4055	73
4005	66	4066	76
4005	66	4006	77
4005	66	4076	78
4005	66	4003	79
4005	66	4028	80
4005	66	4061	81
4005	66	4015	82
4005	66	4084	83
4005	66	4041	85
4005	66	4013	87
4004	67	1000	0
4004	67	1041	1
4004	67	1001	2
4004	67	1043	4
4004	67	1027	5
4004	67	1010	6
4004	67	1035	7
4004	67	1036	8
4004	67	1009	9
4004	67	1026	11
4004	67	1040	12
4004	67	1005	13
4004	67	1008	14
4004	67	1007	15
4004	67	1006	16
4004	67	1004	17
4004	67	4000	48
4004	67	4094	49
4004	67	4054	50
4004	67	4036	51
4004	67	4078	54
4004	67	4079	55
4004	67	4080	57
4004	67	4022	58
4004	67	4021	59
4004	67	4056	60
4004	67	4020	62
4004	67	4091	63
4004	67	4093	64
4004	67	4081	65
4004	67	4005	66
4004	67	4004	67
4004	67	4012	68
4004	67	4011	69
4004	67	4055	73
4004	67	4066	76
4004	67	4006	77
4004	67	4076	78
4004	67	4003	79
4004	67	4028	80
4004	67	4061	81
4004	67	4015	82
4004	67	4084	83
4004	67	4041	85
4004	67	4013	87
4012	68	4000	48
4012	68	4094	49
4012	68	4054	50
4012	68	4036	51
4012	68	4078	54
4012	68	4079	55
4012	68	4022	58
4012	68	4021	59
4012	68	4056	60
4012	68	4020	62
4012	68	4005	66
4012	68	4004	67
4012	68	4012	68
4012	68	4011	69
4012	68	4055	73
4012	68	4006	77
4012	68	4076	78
4012	68	4003	79
4012	68	4015	82
4012	68	4013	87
4011	69	1000	0
4011	69	1041	1
4011	69	1001	2
4011	69	1043	4
4011	69	1027	5
4011	69	1010	6
4011	69	1035	7
4011	69	1036	8
4011	69	1009	9
4011	69	1005	13
4011	69	1008	14
4011	69	1007	15
4011	69	1006	16
4011	69	1004	17
4011	69	4000	48
4011	69	4094	49
4011	69	4054	50
4011	69	4036	51
4011	69	4078	54
4011	69	4079	55
4011	69	4022	58
4011	69	4021	59
4011	69	4056	60
4011	69	4020	62
4011	69	4005	66
4011	69	4004	67
4011	69	4012	68
4011	69	4011	69
4011	69	4055	73
4011	69	4006	77
4011	69	4076	78
4011	69	4003	79
4011	69	4015	82
4011	69	4013	87
4069	70	4000	48
4069	70	4094	49
4069	70	4054	50
4069	70	4036	51
4069	70	4078	54
4069	70	4079	55
4069	70	4022	58
4069	70	4021	59
4069	70	4056	60
4069	70	4020	62
4069	70	4005	66
4069	70	4004	67
4069	70	4012	68
4069	70	4011	69
4069	70	4055	73
4069	70	4006	77
4069	70	4076	78
4069	70	4003	79
4069	70	4015	82
4069	70	4013	87
4089	71	4000	48
4089	71	4094	49
4089	71	4054	50
4089	71	4036	51
4089	71	4038	52
4089	71	4023	53
4089	71	4078	54
4089	71	4079	55
4089	71	4039	56
4089	71	4080	57
4089	71	4022	58
4089	71	4021	59
4089	71	4056	60
4089	71	4031	61
4089	71	4020	62
4089	71	4093	64
4089	71	4081	65
4089	71	4005	66
4089	71	4004	67
4089	71	4012	68
4089	71	4011	69
4089	71	4069	70
4089	71	4089	71
4089	71	4087	72
4089	71	4055	73
4089	71	4083	74
4089	71	4068	75
4089	71	4066	76
4089	71	4006	77
4089	71	4076	78
4089	71	4003	79
4089	71	4015	82
4089	71	4084	83
4089	71	4033	84
4089	71	4041	85
4089	71	4035	86
4089	71	4013	87
4087	72	4000	48
4087	72	4094	49
4087	72	4054	50
4087	72	4036	51
4087	72	4078	54
4087	72	4079	55
4087	72	4080	57
4087	72	4022	58
4087	72	4021	59
4087	72	4056	60
4087	72	4020	62
4087	72	4091	63
4087	72	4093	64
4087	72	4081	65
4087	72	4005	66
4087	72	4004	67
4087	72	4012	68
4087	72	4011	69
4087	72	4055	73
4087	72	4066	76
4087	72	4006	77
4087	72	4076	78
4087	72	4003	79
4087	72	4028	80
4087	72	4061	81
4087	72	4015	82
4087	72	4084	83
4087	72	4041	85
4087	72	4013	87
4055	73	3007	45
4055	73	4000	48
4055	73	4036	51
4055	73	4038	52
4055	73	4023	53
4055	73	4078	54
4055	73	4079	55
4055	73	4039	56
4055	73	4080	57
4055	73	4022	58
4055	73	4031	61
4055	73	4020	62
4055	73	4091	63
4055	73	4093	64
4055	73	4081	65
4055	73	4069	70
4055	73	4089	71
4055	73	4087	72
4055	73	4055	73
4055	73	4083	74
4055	73	4068	75
4055	73	4066	76
4055	73	4076	78
4055	73	4003	79
4055	73	4084	83
4055	73	4033	84
4055	73	4041	85
4055	73	4035	86
4055	73	4013	87
4083	74	4000	48
4083	74	4054	50
4083	74	4036	51
4083	74	4038	52
4083	74	4023	53
4083	74	4078	54
4083	74	4079	55
4083	74	4039	56
4083	74	4080	57
4083	74	4022	58
4083	74	4056	60
4083	74	4031	61
4083	74	4020	62
4083	74	4091	63
4083	74	4093	64
4083	74	4081	65
4083	74	4005	66
4083	74	4004	67
4083	74	4069	70
4083	74	4089	71
4083	74	4087	72
4083	74	4055	73
4083	74	4083	74
4083	74	4068	75
4083	74	4066	76
4083	74	4006	77
4083	74	4076	78
4083	74	4003	79
4083	74	4028	80
4083	74	4061	81
4083	74	4015	82
4083	74	4084	83
4083	74	4033	84
4083	74	4041	85
4083	74	4035	86
4083	74	4013	87
4068	75	3007	45
4068	75	4000	48
4068	75	4094	49
4068	75	4054	50
4068	75	4036	51
4068	75	4038	52
4068	75	4023	53
4068	75	4078	54
4068	75	4079	55
4068	75	4039	56
4068	75	4080	57
4068	75	4022	58
4068	75	4021	59
4068	75	4056	60
4068	75	4031	61
4068	75	4020	62
4068	75	4091	63
4068	75	4093	64
4068	75	4081	65
4068	75	4005	66
4068	75	4004	67
4068	75	4012	68
4068	75	4011	69
4068	75	4069	70
4068	75	4089	71
4068	75	4087	72
4068	75	4055	73
4068	75	4083	74
4068	75	4068	75
4068	75	4066	76
4068	75	4006	77
4068	75	4076	78
4068	75	4003	79
4068	75	4028	80
4068	75	4061	81
4068	75	4015	82
4068	75	4084	83
4068	75	4033	84
4068	75	4041	85
4068	75	4035	86
4068	75	4013	87
4068	75	5001	88
4068	75	5005	89
4068	75	5002	90
4066	76	4000	48
4066	76	4094	49
4066	76	4054	50
4066	76	4036	51
4066	76	4078	54
4066	76	4079	55
4066	76	4022	58
4066	76	4021	59
4066	76	4056	60
4066	76	4020	62
4066	76	4005	66
4066	76	4004	67
4066	76	4012	68
4066	76	4011	69
4066	76	4055	73
4066	76	4006	77
4066	76	4076	78
4066	76	4003	79
4066	76	4015	82
4066	76	4013	87
4006	77	1000	0
4006	77	1041	1
4006	77	1001	2
4006	77	1043	4
4006	77	1027	5
4006	77	1010	6
4006	77	1035	7
4006	77	1036	8
4006	77	1009	9
4006	77	1005	13
4006	77	1008	14
4006	77	1007	15
4006	77	1006	16
4006	77	1004	17
4006	77	4000	48
4006	77	4094	49
4006	77	4054	50
4006	77	4036	51
4006	77	4078	54
4006	77	4079	55
4006	77	4022	58
4006	77	4021	59
4006	77	4056	60
4006	77	4020	62
4006	77	4005	66
4006	77	4004	67
4006	77	4012	68
4006	77	4011	69
4006	77	4055	73
4006	77	4006	77
4006	77	4076	78
4006	77	4003	79
4006	77	4015	82
4006	77	4013	87
4006	77	5001	88
4006	77	5005	89
4006	77	5002	90
4076	78	4000	48
4076	78	4094	49
4076	78	4054	50
4076	78	4036	51
4076	78	4078	54
4076	78	4079	55
4076	78	4022	58
4076	78	4021	59
4076	78	4056	60
4076	78	4020	62
4076	78	4005	66
4076	78	4004	67
4076	78	4012	68
4076	78	4011	69
4076	78	4055	73
4076	78	4006	77
4076	78	4076	78
4076	78	4003	79
4076	78	4015	82
4076	78	4013	87
4003	79	3007	45
4003	79	4000	48
4003	79	4094	49
4003	79	4054	50
4003	79	4036	51
4003	79	4038	52
4003	79	4023	53
4003	79	4078	54
4003	79	4079	55
4003	79	4039	56
4003	79	4080	57
4003	79	4022	58
4003	79	4021	59
4003	79	4056	60
4003	79	4031	61
4003	79	4020	62
4003	79	4091	63
4003	79	4093	64
4003	79	4081	65
4003	79	4005	66
4003	79	4004	67
4003	79	4012	68
4003	79	4011	69
4003	79	4069	70
4003	79	4089	71
4003	79	4087	72
4003	79	4055	73
4003	79	4083	74
4003	79	4068	75
4003	79	4066	76
4003	79	4006	77
4003	79	4076	78
4003	79	4003	79
4003	79	4028	80
4003	79	4061	81
4003	79	4015	82
4003	79	4084	83
4003	79	4033	84
4003	79	4041	85
4003	79	4035	86
4003	79	4013	87
4028	80	4000	48
4028	80	4054	50
4028	80	4036	51
4028	80	4078	54
4028	80	4079	55
4028	80	4080	57
4028	80	4056	60
4028	80	4020	62
4028	80	4091	63
4028	80	4093	64
4028	80	4081	65
4028	80	4005	66
4028	80	4004	67
4028	80	4055	73
4028	80	4066	76
4028	80	4006	77
4028	80	4076	78
4028	80	4003	79
4028	80	4028	80
4028	80	4061	81
4028	80	4015	82
4028	80	4084	83
4028	80	4041	85
4028	80	4013	87
4061	81	4000	48
4061	81	4094	49
4061	81	4054	50
4061	81	4036	51
4061	81	4078	54
4061	81	4079	55
4061	81	4080	57
4061	81	4022	58
4061	81	4021	59
4061	81	4056	60
4061	81	4020	62
4061	81	4091	63
4061	81	4093	64
4061	81	4081	65
4061	81	4005	66
4061	81	4004	67
4061	81	4012	68
4061	81	4011	69
4061	81	4055	73
4061	81	4066	76
4061	81	4006	77
4061	81	4076	78
4061	81	4003	79
4061	81	4028	80
4061	81	4061	81
4061	81	4015	82
4061	81	4084	83
4061	81	4041	85
4061	81	4013	87
4015	82	3007	45
4015	82	4000	48
4015	82	4054	50
4015	82	4036	51
4015	82	4038	52
4015	82	4023	53
4015	82	4078	54
4015	82	4079	55
4015	82	4039	56
4015	82	4080	57
4015	82	4022	58
4015	82	4056	60
4015	82	4031	61
4015	82	4020	62
4015	82	4091	63
4015	82	4093	64
4015	82	4081	65
4015	82	4005	66
4015	82	4004	67
4015	82	4069	70
4015	82	4089	71
4015	82	4087	72
4015	82	4055	73
4015	82	4083	74
4015	82	4068	75
4015	82	4066	76
4015	82	4006	77
4015	82	4076	78
4015	82	4003	79
4015	82	4028	80
4015	82	4061	81
4015	82	4015	82
4015	82	4084	83
4015	82	4033	84
4015	82	4041	85
4015	82	4035	86
4015	82	4013	87
4084	83	4000	48
4084	83	4054	50
4084	83	4036	51
4084	83	4078	54
4084	83	4079	55
4084	83	4080	57
4084	83	4056	60
4084	83	4020	62
4084	83	4091	63
4084	83	4093	64
4084	83	4081	65
4084	83	4005	66
4084	83	4004	67
4084	83	4055	73
4084	83	4066	76
4084	83	4006	77
4084	83	4076	78
4084	83	4003	79
4084	83	4028	80
4084	83	4061	81
4084	83	4015	82
4084	83	4084	83
4084	83	4041	85
4084	83	4013	87
4033	84	4000	48
4033	84	4036	51
4033	84	4038	52
4033	84	4023	53
4033	84	4078	54
4033	84	4079	55
4033	84	4039	56
4033	84	4080	57
4033	84	4022	58
4033	84	4031	61
4033	84	4020	62
4033	84	4093	64
4033	84	4081	65
4033	84	4069	70
4033	84	4089	71
4033	84	4087	72
4033	84	4055	73
4033	84	4083	74
4033	84	4068	75
4033	84	4066	76
4033	84	4076	78
4033	84	4003	79
4033	84	4084	83
4033	84	4033	84
4033	84	4041	85
4033	84	4035	86
4033	84	4013	87
4041	85	3007	45
4041	85	4000	48
4041	85	4054	50
4041	85	4036	51
4041	85	4038	52
4041	85	4023	53
4041	85	4078	54
4041	85	4079	55
4041	85	4039	56
4041	85	4080	57
4041	85	4022	58
4041	85	4056	60
4041	85	4031	61
4041	85	4020	62
4041	85	4091	63
4041	85	4093	64
4041	85	4081	65
4041	85	4005	66
4041	85	4004	67
4041	85	4069	70
4041	85	4089	71
4041	85	4087	72
4041	85	4055	73
4041	85	4083	74
4041	85	4068	75
4041	85	4066	76
4041	85	4006	77
4041	85	4076	78
4041	85	4003	79
4041	85	4028	80
4041	85	4061	81
4041	85	4015	82
4041	85	4084	83
4041	85	4033	84
4041	85	4041	85
4041	85	4035	86
4041	85	4013	87
4035	86	3007	45
4035	86	4000	48
4035	86	4054	50
4035	86	4036	51
4035	86	4038	52
4035	86	4023	53
4035	86	4078	54
4035	86	4079	55
4035	86	4039	56
4035	86	4080	57
4035	86	4022	58
4035	86	4056	60
4035	86	4031	61
4035	86	4020	62
4035	86	4091	63
4035	86	4093	64
4035	86	4081	65
4035	86	4005	66
4035	86	4004	67
4035	86	4069	70
4035	86	4089	71
4035	86	4087	72
4035	86	4055	73
4035	86	4083	74
4035	86	4068	75
4035	86	4066	76
4035	86	4006	77
4035	86	4076	78
4035	86	4003	79
4035	86	4028	80
4035	86	4061	81
4035	86	4015	82
4035	86	4084	83
4035	86	4033	84
4035	86	4041	85
4035	86	4035	86
4035	86	4013	87
4035	86	5001	88
4035	86	5005	89
4035	86	5002	90
4013	87	3007	45
4013	87	4000	48
4013	87	4054	50
4013	87	4036	51
4013	87	4038	52
4013	87	4023	53
4013	87	4078	54
4013	87	4079	55
4013	87	4039	56
4013	87	4080	57
4013	87	4022	58
4013	87	4056	60
4013	87	4031	61
4013	87	4020	62
4013	87	4091	63
4013	87	4093	64
4013	87	4081	65
4013	87	4005	66
4013	87	4004	67
4013	87	4069	70
4013	87	4089	71
4013	87	4087	72
4013	87	4055	73
4013	87	4083	74
4013	87	4068	75
4013	87	4066	76
4013	87	4006	77
4013	87	4076	78
4013	87	4003	79
4013	87	4028	80
4013	87	4061	81
4013	87	4015	82
4013	87	4084	83
4013	87	4033	84
4013	87	4041	85
4013	87	4035	86
4013	87	4013	87
5001	88	5001	88
5001	88	5005	89
5001	88	5002	90
5001	88	6025	97
5001	88	6031	98
5001	88	6007	100
5001	88	6006	101
5001	88	6092	103
5001	88	6095	105
5001	88	6085	106
5001	88	6086	107
5001	88	6033	108
5001	88	6021	109
5001	88	6002	110
5001	88	6023	111
5001	88	6052	112
5001	88	6078	113
5001	88	6047	118
5001	88	6087	120
5005	89	3007	45
5005	89	4000	48
5005	89	4094	49
5005	89	4054	50
5005	89	4036	51
5005	89	4023	53
5005	89	4078	54
5005	89	4079	55
5005	89	4080	57
5005	89	4022	58
5005	89	4021	59
5005	89	4056	60
5005	89	4020	62
5005	89	4091	63
5005	89	4093	64
5005	89	4081	65
5005	89	4005	66
5005	89	4004	67
5005	89	4012	68
5005	89	4011	69
5005	89	4055	73
5005	89	4066	76
5005	89	4006	77
5005	89	4076	78
5005	89	4003	79
5005	89	4028	80
5005	89	4061	81
5005	89	4015	82
5005	89	4084	83
5005	89	4041	85
5005	89	4013	87
5005	89	5001	88
5005	89	5005	89
5005	89	5002	90
5002	90	5001	88
5002	90	5005	89
6094	91	6094	91
6094	91	6005	92
6094	91	6008	93
6094	91	6019	94
6094	91	6003	95
6094	91	6082	96
6094	91	6025	97
6094	91	6031	98
6094	91	6017	99
6094	91	6007	100
6094	91	6006	101
6094	91	6024	102
6094	91	6092	103
6094	91	6018	104
6094	91	6095	105
6094	91	6085	106
6094	91	6021	109
6094	91	6002	110
6094	91	6023	111
6094	91	6048	114
6094	91	6096	115
6094	91	6053	116
6094	91	6049	117
6094	91	6047	118
6094	91	6040	119
6094	91	6087	120
6094	91	6038	121
6005	92	1000	0
6005	92	1041	1
6005	92	1001	2
6005	92	1043	4
6005	92	1027	5
6005	92	1010	6
6005	92	1035	7
6005	92	1036	8
6005	92	1009	9
6005	92	1005	13
6005	92	1008	14
6005	92	1007	15
6005	92	1006	16
6005	92	1004	17
6005	92	4011	69
6005	92	5001	88
6005	92	5005	89
6005	92	5002	90
6005	92	6094	91
6005	92	6005	92
6005	92	6008	93
6005	92	6019	94
6005	92	6003	95
6005	92	6082	96
6005	92	6025	97
6005	92	6031	98
6005	92	6017	99
6005	92	6007	100
6005	92	6006	101
6005	92	6024	102
6005	92	6092	103
6005	92	6018	104
6005	92	6095	105
6005	92	6085	106
6005	92	6021	109
6005	92	6002	110
6005	92	6023	111
6005	92	6048	114
6005	92	6096	115
6005	92	6053	116
6005	92	6049	117
6005	92	6047	118
6005	92	6040	119
6005	92	6087	120
6005	92	6038	121
6008	93	6094	91
6008	93	6005	92
6008	93	6008	93
6008	93	6019	94
6008	93	6003	95
6008	93	6082	96
6008	93	6025	97
6008	93	6031	98
6008	93	6017	99
6008	93	6007	100
6008	93	6006	101
6008	93	6024	102
6008	93	6092	103
6008	93	6018	104
6008	93	6095	105
6008	93	6085	106
6008	93	6086	107
6008	93	6033	108
6008	93	6021	109
6008	93	6002	110
6008	93	6023	111
6008	93	6052	112
6008	93	6078	113
6008	93	6048	114
6008	93	6096	115
6008	93	6053	116
6008	93	6049	117
6008	93	6047	118
6008	93	6040	119
6008	93	6087	120
6008	93	6038	121
6019	94	6008	93
6019	94	6082	96
6019	94	6025	97
6019	94	6031	98
6019	94	6017	99
6019	94	6007	100
6019	94	6006	101
6019	94	6024	102
6019	94	6092	103
6019	94	6018	104
6019	94	6095	105
6019	94	6085	106
6019	94	6086	107
6019	94	6033	108
6019	94	6023	111
6019	94	6049	117
6019	94	6047	118
6019	94	6040	119
6019	94	6087	120
6019	94	6038	121
6003	95	1000	0
6003	95	1041	1
6003	95	1001	2
6003	95	1043	4
6003	95	1027	5
6003	95	1010	6
6003	95	1035	7
6003	95	1036	8
6003	95	1009	9
6003	95	1005	13
6003	95	1008	14
6003	95	1007	15
6003	95	1006	16
6003	95	1004	17
6003	95	2000	18
6003	95	2003	20
6003	95	2001	21
6003	95	2028	22
6003	95	2043	24
6003	95	2044	25
6003	95	2005	30
6003	95	3000	43
6003	95	3006	44
6003	95	3007	45
6003	95	4011	69
6003	95	5001	88
6003	95	5005	89
6003	95	5002	90
6003	95	6094	91
6003	95	6005	92
6003	95	6008	93
6003	95	6019	94
6003	95	6082	96
6003	95	6025	97
6003	95	6031	98
6003	95	6017	99
6003	95	6007	100
6003	95	6006	101
6003	95	6024	102
6003	95	6092	103
6003	95	6018	104
6003	95	6095	105
6003	95	6085	106
6003	95	6086	107
6003	95	6033	108
6003	95	6021	109
6003	95	6002	110
6003	95	6023	111
6003	95	6052	112
6003	95	6078	113
6003	95	6048	114
6003	95	6096	115
6003	95	6053	116
6003	95	6049	117
6003	95	6047	118
6003	95	6040	119
6003	95	6087	120
6003	95	6038	121
6082	96	1000	0
6082	96	1041	1
6082	96	1001	2
6082	96	1043	4
6082	96	1027	5
6082	96	1010	6
6082	96	1035	7
6082	96	1036	8
6082	96	1009	9
6082	96	1005	13
6082	96	1008	14
6082	96	1007	15
6082	96	1006	16
6082	96	1004	17
6082	96	4011	69
6082	96	5001	88
6082	96	5005	89
6082	96	5002	90
6082	96	6094	91
6082	96	6005	92
6082	96	6008	93
6082	96	6019	94
6082	96	6003	95
6082	96	6082	96
6082	96	6025	97
6082	96	6031	98
6082	96	6017	99
6082	96	6007	100
6082	96	6006	101
6082	96	6024	102
6082	96	6092	103
6082	96	6018	104
6082	96	6095	105
6082	96	6085	106
6082	96	6021	109
6082	96	6002	110
6082	96	6023	111
6082	96	6048	114
6082	96	6096	115
6082	96	6053	116
6082	96	6049	117
6082	96	6047	118
6082	96	6040	119
6082	96	6087	120
6082	96	6038	121
6025	97	6094	91
6025	97	6005	92
6025	97	6008	93
6025	97	6019	94
6025	97	6003	95
6025	97	6082	96
6025	97	6025	97
6025	97	6031	98
6025	97	6017	99
6025	97	6007	100
6025	97	6006	101
6025	97	6024	102
6025	97	6092	103
6025	97	6018	104
6025	97	6095	105
6025	97	6085	106
6025	97	6086	107
6025	97	6033	108
6025	97	6021	109
6025	97	6002	110
6025	97	6023	111
6025	97	6052	112
6025	97	6078	113
6025	97	6048	114
6025	97	6096	115
6025	97	6053	116
6025	97	6049	117
6025	97	6047	118
6025	97	6040	119
6025	97	6087	120
6025	97	6038	121
6031	98	6008	93
6031	98	6082	96
6031	98	6025	97
6031	98	6031	98
6031	98	6017	99
6031	98	6007	100
6031	98	6006	101
6031	98	6024	102
6031	98	6092	103
6031	98	6018	104
6031	98	6095	105
6031	98	6085	106
6031	98	6086	107
6031	98	6033	108
6031	98	6021	109
6031	98	6002	110
6031	98	6023	111
6031	98	6052	112
6031	98	6078	113
6031	98	6049	117
6031	98	6047	118
6031	98	6040	119
6031	98	6087	120
6031	98	6038	121
6017	99	4000	48
6017	99	4094	49
6017	99	4054	50
6017	99	4036	51
6017	99	4078	54
6017	99	4079	55
6017	99	4022	58
6017	99	4021	59
6017	99	4056	60
6017	99	4020	62
6017	99	4005	66
6017	99	4004	67
6017	99	4012	68
6017	99	4011	69
6017	99	4055	73
6017	99	4006	77
6017	99	4076	78
6017	99	4003	79
6017	99	4015	82
6017	99	4013	87
6017	99	5001	88
6017	99	5005	89
6017	99	5002	90
6017	99	6008	93
6017	99	6082	96
6017	99	6025	97
6017	99	6031	98
6017	99	6017	99
6017	99	6007	100
6017	99	6006	101
6017	99	6024	102
6017	99	6092	103
6017	99	6018	104
6017	99	6095	105
6017	99	6085	106
6017	99	6086	107
6017	99	6033	108
6017	99	6021	109
6017	99	6002	110
6017	99	6023	111
6017	99	6052	112
6017	99	6078	113
6017	99	6049	117
6017	99	6047	118
6017	99	6040	119
6017	99	6087	120
6017	99	6038	121
6007	100	6094	91
6007	100	6005	92
6007	100	6008	93
6007	100	6019	94
6007	100	6003	95
6007	100	6082	96
6007	100	6025	97
6007	100	6031	98
6007	100	6017	99
6007	100	6007	100
6007	100	6006	101
6007	100	6024	102
6007	100	6092	103
6007	100	6018	104
6007	100	6095	105
6007	100	6085	106
6007	100	6086	107
6007	100	6033	108
6007	100	6021	109
6007	100	6002	110
6007	100	6023	111
6007	100	6052	112
6007	100	6078	113
6007	100	6048	114
6007	100	6096	115
6007	100	6053	116
6007	100	6049	117
6007	100	6047	118
6007	100	6040	119
6007	100	6087	120
6007	100	6038	121
6006	101	6094	91
6006	101	6005	92
6006	101	6008	93
6006	101	6019	94
6006	101	6003	95
6006	101	6082	96
6006	101	6025	97
6006	101	6031	98
6006	101	6017	99
6006	101	6007	100
6006	101	6006	101
6006	101	6024	102
6006	101	6092	103
6006	101	6018	104
6006	101	6095	105
6006	101	6085	106
6006	101	6086	107
6006	101	6033	108
6006	101	6021	109
6006	101	6002	110
6006	101	6023	111
6006	101	6048	114
6006	101	6096	115
6006	101	6053	116
6006	101	6049	117
6006	101	6047	118
6006	101	6040	119
6006	101	6087	120
6006	101	6038	121
6024	102	6094	91
6024	102	6005	92
6024	102	6008	93
6024	102	6019	94
6024	102	6003	95
6024	102	6082	96
6024	102	6025	97
6024	102	6031	98
6024	102	6017	99
6024	102	6007	100
6024	102	6006	101
6024	102	6024	102
6024	102	6092	103
6024	102	6018	104
6024	102	6095	105
6024	102	6085	106
6024	102	6086	107
6024	102	6033	108
6024	102	6021	109
6024	102	6002	110
6024	102	6023	111
6024	102	6048	114
6024	102	6096	115
6024	102	6053	116
6024	102	6049	117
6024	102	6047	118
6024	102	6040	119
6024	102	6087	120
6024	102	6038	121
6092	103	4000	48
6092	103	4094	49
6092	103	4054	50
6092	103	4036	51
6092	103	4078	54
6092	103	4079	55
6092	103	4022	58
6092	103	4021	59
6092	103	4056	60
6092	103	4020	62
6092	103	4005	66
6092	103	4004	67
6092	103	4012	68
6092	103	4011	69
6092	103	4055	73
6092	103	4006	77
6092	103	4076	78
6092	103	4003	79
6092	103	4015	82
6092	103	4013	87
6092	103	5001	88
6092	103	5005	89
6092	103	5002	90
6092	103	6008	93
6092	103	6082	96
6092	103	6025	97
6092	103	6031	98
6092	103	6017	99
6092	103	6007	100
6092	103	6006	101
6092	103	6024	102
6092	103	6092	103
6092	103	6018	104
6092	103	6095	105
6092	103	6023	111
6092	103	6049	117
6092	103	6047	118
6092	103	6040	119
6092	103	6087	120
6092	103	6038	121
6018	104	6008	93
6018	104	6082	96
6018	104	6025	97
6018	104	6031	98
6018	104	6017	99
6018	104	6007	100
6018	104	6006	101
6018	104	6024	102
6018	104	6092	103
6018	104	6018	104
6018	104	6095	105
6018	104	6023	111
6018	104	6049	117
6018	104	6047	118
6018	104	6040	119
6018	104	6087	120
6018	104	6038	121
6095	105	6008	93
6095	105	6082	96
6095	105	6025	97
6095	105	6031	98
6095	105	6017	99
6095	105	6007	100
6095	105	6006	101
6095	105	6024	102
6095	105	6092	103
6095	105	6018	104
6095	105	6095	105
6095	105	6085	106
6095	105	6086	107
6095	105	6033	108
6095	105	6021	109
6095	105	6002	110
6095	105	6023	111
6095	105	6052	112
6095	105	6078	113
6095	105	6049	117
6095	105	6047	118
6095	105	6040	119
6095	105	6087	120
6095	105	6038	121
6085	106	1000	0
6085	106	1041	1
6085	106	1001	2
6085	106	1043	4
6085	106	1027	5
6085	106	1010	6
6085	106	1035	7
6085	106	1036	8
6085	106	1009	9
6085	106	1005	13
6085	106	1008	14
6085	106	1007	15
6085	106	1006	16
6085	106	1004	17
6085	106	4011	69
6085	106	6025	97
6085	106	6095	105
6085	106	6085	106
6085	106	6086	107
6085	106	6033	108
6085	106	6021	109
6085	106	6002	110
6085	106	6023	111
6085	106	6052	112
6085	106	6078	113
6085	106	6047	118
6086	107	5001	88
6086	107	5005	89
6086	107	5002	90
6086	107	6025	97
6086	107	6031	98
6086	107	6007	100
6086	107	6006	101
6086	107	6092	103
6086	107	6095	105
6086	107	6085	106
6086	107	6086	107
6086	107	6033	108
6086	107	6021	109
6086	107	6002	110
6086	107	6023	111
6086	107	6052	112
6086	107	6078	113
6086	107	6047	118
6086	107	6087	120
6033	108	6008	93
6033	108	6082	96
6033	108	6025	97
6033	108	6031	98
6033	108	6017	99
6033	108	6007	100
6033	108	6006	101
6033	108	6024	102
6033	108	6092	103
6033	108	6018	104
6033	108	6095	105
6033	108	6085	106
6033	108	6086	107
6033	108	6033	108
6033	108	6021	109
6033	108	6002	110
6033	108	6023	111
6033	108	6052	112
6033	108	6078	113
6033	108	6049	117
6033	108	6047	118
6033	108	6040	119
6033	108	6087	120
6033	108	6038	121
6021	109	6025	97
6021	109	6095	105
6021	109	6085	106
6021	109	6086	107
6021	109	6033	108
6021	109	6021	109
6021	109	6002	110
6021	109	6023	111
6021	109	6052	112
6021	109	6078	113
6021	109	6047	118
6002	110	1000	0
6002	110	1041	1
6002	110	1001	2
6002	110	1043	4
6002	110	1027	5
6002	110	1010	6
6002	110	1035	7
6002	110	1036	8
6002	110	1009	9
6002	110	1026	11
6002	110	1040	12
6002	110	1005	13
6002	110	1008	14
6002	110	1007	15
6002	110	1006	16
6002	110	1004	17
6002	110	4011	69
6002	110	5001	88
6002	110	5005	89
6002	110	5002	90
6002	110	6094	91
6002	110	6005	92
6002	110	6008	93
6002	110	6019	94
6002	110	6003	95
6002	110	6082	96
6002	110	6025	97
6002	110	6031	98
6002	110	6017	99
6002	110	6007	100
6002	110	6006	101
6002	110	6024	102
6002	110	6092	103
6002	110	6018	104
6002	110	6095	105
6002	110	6085	106
6002	110	6086	107
6002	110	6033	108
6002	110	6021	109
6002	110	6002	110
6002	110	6023	111
6002	110	6052	112
6002	110	6078	113
6002	110	6048	114
6002	110	6096	115
6002	110	6053	116
6002	110	6049	117
6002	110	6047	118
6002	110	6040	119
6002	110	6087	120
6002	110	6038	121
6023	111	6094	91
6023	111	6005	92
6023	111	6008	93
6023	111	6019	94
6023	111	6003	95
6023	111	6082	96
6023	111	6025	97
6023	111	6031	98
6023	111	6017	99
6023	111	6007	100
6023	111	6006	101
6023	111	6024	102
6023	111	6092	103
6023	111	6018	104
6023	111	6095	105
6023	111	6085	106
6023	111	6086	107
6023	111	6033	108
6023	111	6021	109
6023	111	6002	110
6023	111	6023	111
6023	111	6052	112
6023	111	6078	113
6023	111	6048	114
6023	111	6096	115
6023	111	6053	116
6023	111	6049	117
6023	111	6047	118
6023	111	6040	119
6023	111	6087	120
6023	111	6038	121
6052	112	6085	106
6052	112	6086	107
6052	112	6021	109
6052	112	6052	112
6052	112	6078	113
6078	113	6008	93
6078	113	6082	96
6078	113	6025	97
6078	113	6031	98
6078	113	6017	99
6078	113	6007	100
6078	113	6006	101
6078	113	6024	102
6078	113	6092	103
6078	113	6018	104
6078	113	6095	105
6078	113	6085	106
6078	113	6086	107
6078	113	6033	108
6078	113	6021	109
6078	113	6002	110
6078	113	6023	111
6078	113	6052	112
6078	113	6078	113
6078	113	6049	117
6078	113	6047	118
6078	113	6040	119
6078	113	6087	120
6078	113	6038	121
6048	114	6094	91
6048	114	6005	92
6048	114	6008	93
6048	114	6019	94
6048	114	6003	95
6048	114	6082	96
6048	114	6017	99
6048	114	6007	100
6048	114	6024	102
6048	114	6092	103
6048	114	6018	104
6048	114	6095	105
6048	114	6085	106
6048	114	6021	109
6048	114	6002	110
6048	114	6048	114
6048	114	6096	115
6048	114	6053	116
6048	114	6049	117
6048	114	6040	119
6048	114	6087	120
6048	114	6038	121
6096	115	6094	91
6096	115	6005	92
6096	115	6008	93
6096	115	6019	94
6096	115	6003	95
6096	115	6082	96
6096	115	6025	97
6096	115	6031	98
6096	115	6017	99
6096	115	6007	100
6096	115	6006	101
6096	115	6024	102
6096	115	6092	103
6096	115	6018	104
6096	115	6095	105
6096	115	6085	106
6096	115	6021	109
6096	115	6002	110
6096	115	6023	111
6096	115	6048	114
6096	115	6096	115
6096	115	6053	116
6096	115	6049	117
6096	115	6047	118
6096	115	6040	119
6096	115	6087	120
6096	115	6038	121
6053	116	6094	91
6053	116	6005	92
6053	116	6008	93
6053	116	6019	94
6053	116	6003	95
6053	116	6082	96
6053	116	6017	99
6053	116	6007	100
6053	116	6024	102
6053	116	6092	103
6053	116	6018	104
6053	116	6095	105
6053	116	6085	106
6053	116	6021	109
6053	116	6002	110
6053	116	6048	114
6053	116	6096	115
6053	116	6053	116
6053	116	6049	117
6053	116	6040	119
6053	116	6087	120
6053	116	6038	121
6049	117	6008	93
6049	117	6082	96
6049	117	6025	97
6049	117	6031	98
6049	117	6017	99
6049	117	6007	100
6049	117	6006	101
6049	117	6024	102
6049	117	6092	103
6049	117	6018	104
6049	117	6095	105
6049	117	6023	111
6049	117	6049	117
6049	117	6047	118
6049	117	6040	119
6049	117	6087	120
6049	117	6038	121
6047	118	6094	91
6047	118	6005	92
6047	118	6008	93
6047	118	6019	94
6047	118	6003	95
6047	118	6082	96
6047	118	6025	97
6047	118	6031	98
6047	118	6017	99
6047	118	6007	100
6047	118	6006	101
6047	118	6024	102
6047	118	6092	103
6047	118	6018	104
6047	118	6095	105
6047	118	6085	106
6047	118	6021	109
6047	118	6002	110
6047	118	6023	111
6047	118	6048	114
6047	118	6096	115
6047	118	6053	116
6047	118	6049	117
6047	118	6047	118
6047	118	6040	119
6047	118	6087	120
6047	118	6038	121
6040	119	6094	91
6040	119	6005	92
6040	119	6008	93
6040	119	6019	94
6040	119	6003	95
6040	119	6082	96
6040	119	6025	97
6040	119	6031	98
6040	119	6017	99
6040	119	6007	100
6040	119	6006	101
6040	119	6024	102
6040	119	6092	103
6040	119	6018	104
6040	119	6095	105
6040	119	6085	106
6040	119	6021	109
6040	119	6002	110
6040	119	6023	111
6040	119	6048	114
6040	119	6096	115
6040	119	6053	116
6040	119	6049	117
6040	119	6047	118
6040	119	6040	119
6040	119	6087	120
6040	119	6038	121
6087	120	6008	93
6087	120	6082	96
6087	120	6025	97
6087	120	6031	98
6087	120	6017	99
6087	120	6007	100
6087	120	6006	101
6087	120	6024	102
6087	120	6092	103
6087	120	6018	104
6087	120	6095	105
6087	120	6085	106
6087	120	6086	107
6087	120	6033	108
6087	120	6023	111
6087	120	6049	117
6087	120	6047	118
6087	120	6040	119
6087	120	6087	120
6087	120	6038	121
6038	121	6094	91
6038	121	6005	92
6038	121	6008	93
6038	121	6019	94
6038	121	6003	95
6038	121	6082	96
6038	121	6025	97
6038	121	6031	98
6038	121	6017	99
6038	121	6007	100
6038	121	6006	101
6038	121	6024	102
6038	121	6092	103
6038	121	6018	104
6038	121	6095	105
6038	121	6085	106
6038	121	6021	109
6038	121	6002	110
6038	121	6023	111
6038	121	6048	114
6038	121	6096	115
6038	121	6053	116
6038	121	6049	117
6038	121	6047	118
6038	121	6040	119
6038	121	6087	120
6038	121	6038	121

*End Of File*